true 2 9.347 2016 03 16
false 2 9.347 2016 03 16
true 0 0.19 2016 03 16
false 0 0.19 2016 03 16
true 0 0.174 2016 03 16
false 0 0.174 2016 03 16
true 0 0.154 2016 03 16
false 0 0.154 2016 03 16
true 0 0.173 2016 03 16
false 0 0.173 2016 03 16
true 0 0.178 2016 03 16
false 0 0.178 2016 03 16
true 2 7.92 2016 03 16
false 2 7.92 2016 03 16
true 0 0.186 2016 03 16
false 0 0.186 2016 03 16
true 0 0.15 2016 03 16
false 0 0.15 2016 03 16
true 0 0.195 2016 03 16
false 0 0.195 2016 03 16
true 0 0.626 2016 03 16
false 0 0.626 2016 03 16
true 0 0.179 2016 03 16
false 0 0.179 2016 03 16
true 2 6.252 2016 03 16
true 0 0.387 2016 03 16
true 0 0.314 2016 03 16
true 0 0.752 2016 03 16
true 0 0.257 2016 03 16
true 0 0.572 2016 03 16
true 0 1.724 2016 03 16
true 0 0.219 2016 03 16
true 0 0.181 2016 03 16
true 0 0.177 2016 03 16
true 0 0.156 2016 03 16
true 0 0.337 2016 03 16
true 0 1.101 2016 03 16
true 0 0.18 2016 03 16
true 0 0.166 2016 03 16
true 0 0.162 2016 03 16
true 0 0.206 2016 03 16
true 0 0.555 2016 03 16
true 7 58.708 2016 03 16
true 0 4.054 2016 03 16
true 0 0.164 2016 03 16
true 0 0.17 2016 03 16
true 0 0.112 2016 03 16
true 0 0.15 2016 03 16
